//key money boolean(general store) - Name - item quantity and repeat
1 995 true - Herblore Supplies - 199 50000 201 500000 203 500000 205 50000 207 50000 209 500000 211 500000 3049 5000000 213 500000 215 500000 3051 5000000 217 500000 219 500000 221 500000 235 500000 225 500000 223 500000 239 500000 231 500000 227 200000 15309 500000 15313 500000 15317 500000 15321 500000 15325 500000 3026 500000 245 500000 2970 500000 4621 100000 2452 5000000 6693 5000000 9594 5000000 3040 5000000
2 995 true - Skill Shop - 946 500 526 1000 1349 50000 1351 5000 1353 1361 1355 5000 1357 5000 1359 5000 6739 5000 13661 1000 590 5000 1755 200000 1625 500000 1627 500000 1623 500000 1621 500000 1619 500000 1617 500000 1631 500000 1511 999999999 10008 10000 10006 10000
3 995 false - Mining Supplies - 1265 50 1267 50 1269 50 1271 50 1273 50 1275 50 20780 10 20781 10 20782 10 20783 10 20784 10 20785 10 20786 10 20787 5 20788 5 20789 5 20790 5 20791 5 20792 5 436 500 438 500 440 500 442 500 444 500 447 500 449 500 451 500 2347 10
4 995 true - Fishing Supplies - 301 1000 303 1000 305 1000 307 1000 309 1000 311 1000 313 500000 314 500000 321 2000 363 2000 341 2000 15264 2000 345 1000 377 10000 353 10000 389 10000 7944 10000 349 10000 331 10000 327 10000 395 10000 401 10000 383 10000 317 10000 371 10000 335 10000 359 10000 15270 25000 15272 10000 15273 50000
5 995 true - Skillcape Shop - 22 2
6 995 false - Pure Shop - 3853 1000 1706 100 6107 500 6108 500 6109 500 3105 500 1725 500 3840 500 3841 500 3842 500 3844 500 868 500000 2497 500 5698 5000 2414 5000 1033 5000 1035 5000 10468 5000 10456 5000 4587 50000 7459 50000 7458 100
7 995 false - Weapon Shop - 15 1
8 995 true - Skillcape Shop - 9748 100 9751 100 9754 100 9757 100 9760 100 9763 100 9766 100 9769 100 9772 100 9775 100 9778 100 9781 100 9784 100 9787 100 9790 100 9793 100 9796 100 9799 100 9802 100 9805 100 9808 100 9811 100 9949 100 12170 100 18509 100 1052 100 19709 100 20747 100
9 995 false - Magic Shop - 9075 500000 554 100000 555 100000 556 100000 557 100000 558 100000 559 100000 560 100000 561 100000 562 100000 563 100000 564 100000 565 100000 566 100000 1381 1000 1383 1000 1385 1000 1387 1000 4675 1000 4089 1000 4091 1000 4093 1000 4095 1000 4097 1000
10 995 false - Runecrafting & Construction Shop - 7937 999999999 6819 999999999 1437 999999999 961 999999999 8781 999999999 8783 999999999 8779 999999999 1762 999999999 3421 999999999 8787 999999999 8431 2000000 5340 100
11 995 false - Shop In Progress code 38 - 22 2
12 995 false - Shop In Progress code 39 - 22 2 
13 995 false - Armour Shop - 9674 1000 23399 1000 9676 1000 2572 1000 3751 1000 1163 5000 1079 5000 1127 5000 952 500 11732 5000 3105 5000 542 5000 544 50000 4087 500 14479 500 10828 500 23352 500000 1540 50000 20072 5000 7462 50000 6746 500 8850 1000 10551 1000
14 995 false - Range Shop - 10499 500 9185 500 841 1000 843 1000 849 1000 853 1000 857 1000 861 1000 15241 500 15243 500000 882 50000 884 50000 886 50000 888 50000 890 50000 892 50000 11212 500000 9244 500000 15126 5000 9245 500000 2491 5000 2497 5000 2503 5000 9242 500000 9243 500000 6322 50000 6324 50000
15 995 true - General Store - 2347 500 2350 50000 2352 50000 2354 5000 2362 50000 2364 500000 15273 50000 1267 50000 1275 50000 15259 50000 5318 999999999 7509 10000 5341 999999999
16 995 false - Specialty Potions - 22 2
23 995 false - Dragon's Guise - 1377 100 1434 100 1540 50 4587 20 4087 50 4585 50 11335 50 11732 50 13006 50 14479 50 19341 50 19342 50 19343 50 19344 50 19345 50 19336 50 19337 50 19338 50 19339 50 19340 50 19281 10 19284 10 19287 10 19290 10 19293 10 19296 10 19299 10 19302 10 19305 10
17 995 false - Range Shop2 - 22 2
18 995 false - Skiller Shop - 10400 1000 10402 1000 10404 1000 10406 1000 10408 1000 10410 1000 10420 1000 10422 1000 10428 1000 10430 1000 10394 1000 6384 1000 1833 1000 1835 1000 1837 1000 6666 500000 7003 50000 775 500000
19 995 false - Summoning Shop - 12155 999999999 2859 500000 12183 999999999 2138 500000 6291 500000 3363 500000 440 500000 6010 500000 9978 500000 2359 500000 7939 500000 1119 500000 10818 500000 12435 500000 12825 500000
20 995 false - Rune Crafting Shop - 7936 1000000
21 995 false - Skiller Cape Shop - 9813 100 9814 100
22 995 false - Donator Potions - 145 500000 157 500000 163 5000000 181 5000000 3024 500000 15300 1000000 6685 5000 15332 1000 13101 5000 24108 2000 24110 2000 24112 2000
23 995 false - Dragon's Guise - 22 2
24 995 false - Defenders Domain - 22 2
25 995 false - Summoning Pouches Galore - 12007 50 12009 50 12011 50 12013 50 12015 50 12017 50 12019 50 12021 50 12023 50 12025 20 12027 50 12029 50 12031 50 12033 50 12035 50 12037 50 12039 50 12041 50 12043 50 12045 50 12047 50 12049 50 12051 50 12053 50 12055 50 12057 50 12059 50 12061 50
26 995 false - Summoning Pouches Galore 2 - 12063 50 12065 50 12067 50 12069 50 12071 50 12073 50 12075 50 12077 50 12079 50 12081 50 12083 50 12085 50 12087 50 12089 50 12091 50 12093 50 12095 50 12097 50 12099 50 12101 50 12103 50 12105 50 12107 50 12123 50
28 12852 false - Dungeoneering Shop - 18335 1000 19669 1000 18349 100 18351 100 18353 100 18355 100 18357 100 18359 100
27 1464 false - Vote Shop - 19453 20 19455 20 19457 20 10388 20 10386 20 10384 20 10372 20 10370 20 10368 20
29 995 false - Completionist Cape - 20769 50
30 995 false - Pure Shop - 22 2
31 995 false - Weapon Shop - 1333 1000 1319 1000 4587 1000 1215 1000 1305 1000 1434 1000 4151 1000 3204 1000 7158 1000
32 995 false - Skillcape Shop - 22 1
33 995 true - General Store - 2347 500 2350 50000 2352 50000 2354 5000 2360 5000 2362 5000 2364 50000 15273 50000 5318 500000
34 995 false - Charm Shop - 12158 500000 12159 500000 12160 500000 12161 500000 12163 500000 12165 500000 12164 500000
35 995 false - Prestige Shop - 20760 100
36 995 false - Prestige Shop - 22 2
37 995 false - Prestige Shop - 22 2
38 995 false - Prestige Shop - 22 2
39 995 false - Prestige Shop - 20763 100
40 -2 false - Trivia Store - 22207 100 22209 100 22211 100 22213 100 24100 100 24102 100 24104 100 24106 100 15600 100 15602 100 15604 100 15606 100 15608 100 15610 100 13672 100 13673 100 13674 100 13675 100 14937 100 14938 100
41 995 true - Farming Supplies - 5341 999999999 5318 999999999 5321 999999999 5320 999999999 5291 999999999 5300 999999999 5304 999999999 5096 999999999 14589 999999999 952 999999999 5343 999999999 7409 999999999 5315 999999999 5316 999999999
42 995 true - Farming Supplies - 5341 999999999 5318 999999999 5321 999999999 5320 999999999 5291 999999999 5300 999999999 5304 999999999 5096 999999999 14589 999999999 952 999999999 5343 999999999 7409 999999999 5315 999999999 5316 999999999
43 995 false - Donator Dwarf Cannon Store - 6 10 8 10 10 10 12 10
44 995 false - Extreme Donator Dwarf Cannon Store - 6 10 8 10 10 10 12 10 20498 10 20499 10 20500 10 20501 10
45 4278 false - Pk shop - 11335 10 13887 10 13893 10 13899 10 8839 20 8840 20 8842 20 11663 20 11664 20 11665 20 13884 13890 20 13896 20 13902 20 6737 20 6731 20 6733 20
46 19467 false - Christmas shop - 4083 10 15426 10 14602 10 14603 10 14605 10 14601 10 13095 10 13097 10 13099 10